»»»»»»»»»»»»»»»»»»»»»»»»»»»»»»»»»»»» Hysteresis ««««««««««««««««««««««««««««««««««««
»»»  Executed Version:	5.51.0
»»»  Vision Version:	5.51.3 (R)
»»»  Vision Compiled:	8/27/25
»»»  Driver Version:	5.51.0
»»»  Windows Version:	Windows 7
»»»  Processor Information:	x86 (AMD or Intel) - 2 Processors
»»»  Tester Name:	PMF20724-485 (500V)
»»»  Tester S/N:	PMF20724-485
»»»  Internal Amp Type:	500V Rev D Slow
»»»  Internal Amp S/N:	  iAB5-000/D   
»»»  Execution Count:	1
»»»»»»»»»»»»»»»»»»»»»»»»»»»»»»»»»»»»»»»»»»««««««««««««««««««««««««««««««««««««««««««

Stored:	3/12/2026 - 12:39:36
Configured:	03/09/26 06:20:57 PM
Executed:	03/12/26 12:29:29 PM

»»»»»»»»»»»»»»»»»»»»»»»»»»»»»»»»»»» Sample Info ««««««««««««««««««««««««««««««««««««
Sample Name:	
Lot Name:	
Wafer Name:	
Die Row/Column:	0/0
Capacitor Number:	0
Sample Area (cm2):	3.14e-06
Sample Thickness (microns):	8.00e-02

Amplifier:	Internal

»»»»»»»»»»»»»»»»»»»»»»»»»»»»»»»»»»» Tester Info «««««««««««««««««««««««««««««««««««
Tester Name:	PMF20724-485 (500V)
Tester Serial Number:	PMF20724-485
Return Signal Amp. Level:	20.0 [Index: 0]

»»»»»»»»»»»»»»»»»»»»»»»»»»»»»»»» Hysteresis Info ««««««««««««««««««««««««««««««««««
Task Name:	Hysteresis-1493
Volts:	0.60
Field:	75.00 (kV/cm)
DCBias:	0.40
DCField:	50.00 (kV/cm)
Hysteresis Period (ms):	2.00e-01
Preset:	Enabled
Preset Delay (ms):	1.00e+03
Profile:	Double Bipolar

»»»»»»»»»»»»»»»»»»»»»»»»»»»»»»»»»»»»»» Data «««««««««««««««««««««««««««««««««««««««
Points:	401

Valid Data

Point	Time (ms)	Drive Voltage	Measured Polarization (uC/cm2)	Capacitance (uF)	Normalized Capacitance (uF/cm2)	Dielectric Constant	Instantaneous Current (mA)
   1	0.0000e+00	0.3976	-8.307400	0.000031	9.853923	0.890293	0.000741
   2	5.0000e-04	0.4061	-8.189471	0.000031	9.853923	0.890293	0.000741
   3	1.0000e-03	0.4195	-8.132294	0.000015	4.777660	0.431657	0.000359
   4	1.5000e-03	0.4308	-7.959571	0.000045	14.432513	1.303965	0.001085
   5	2.0000e-03	0.4445	-7.667728	0.000077	24.385971	2.203251	0.001834
   6	2.5000e-03	0.4574	-7.472371	0.000051	16.323670	1.474829	0.001227
   7	3.0000e-03	0.4684	-7.173381	0.000078	24.983178	2.257208	0.001879
   8	3.5000e-03	0.4823	-6.906553	0.000070	22.295745	2.014401	0.001676
   9	4.0000e-03	0.4962	-6.478914	0.000112	35.732912	3.228437	0.002687
  10	4.5000e-03	0.5044	-6.095349	0.000101	32.050133	2.895701	0.002410
  11	5.0000e-03	0.5181	-5.535487	0.000147	46.781250	4.226644	0.003518
  12	5.5000e-03	0.5299	-4.910109	0.000164	52.255651	4.721252	0.003929
  13	6.0000e-03	0.5377	-4.197774	0.000187	59.521675	5.377731	0.004476
  14	6.5000e-03	0.5558	-3.385379	0.000213	67.882579	6.133131	0.005104
  15	7.0000e-03	0.5686	-2.588469	0.000209	66.588630	6.016224	0.005007
  16	7.5000e-03	0.5751	-1.499716	0.000286	90.974600	8.219474	0.006841
  17	8.0000e-03	0.5886	-0.663496	0.000220	69.873271	6.312988	0.005254
  18	8.5000e-03	0.6020	0.424066	0.000285	90.875066	8.210482	0.006833
  19	9.0000e-03	0.6130	1.608114	0.000311	98.937366	8.938903	0.007439
  20	9.5000e-03	0.6257	2.673043	0.000280	88.983909	8.039617	0.006691
  21	1.0000e-02	0.6357	3.889254	0.000319	101.624800	9.181710	0.007641
  22	1.0500e-02	0.6496	5.025655	0.000298	94.955983	8.579189	0.007140
  23	1.1000e-02	0.6620	6.189454	0.000305	97.245279	8.786025	0.007312
  24	1.1500e-02	0.6707	7.404473	0.000319	101.525265	9.172718	0.007634
  25	1.2000e-02	0.6846	8.556360	0.000302	96.249933	8.696096	0.007237
  26	1.2500e-02	0.6945	9.689187	0.000297	94.657380	8.552210	0.007118
  27	1.3000e-02	0.7069	10.851794	0.000305	97.145744	8.777032	0.007305
  28	1.3500e-02	0.7176	11.938165	0.000285	90.775531	8.201489	0.006826
  29	1.4000e-02	0.7346	12.898269	0.000252	80.224866	7.248245	0.006032
  30	1.4500e-02	0.7423	14.050155	0.000302	96.249933	8.696096	0.007237
  31	1.5000e-02	0.7545	14.762490	0.000187	59.521675	5.377731	0.004476
  32	1.5500e-02	0.7694	15.789301	0.000270	85.798803	7.751846	0.006451
  33	1.6000e-02	0.7810	16.574299	0.000206	65.593284	5.926295	0.004932
  34	1.6500e-02	0.7916	17.060307	0.000128	40.610106	3.669087	0.003054
  35	1.7000e-02	0.8109	17.870320	0.000213	67.683510	6.115145	0.005089
  36	1.7500e-02	0.8183	18.384917	0.000135	42.998936	3.884916	0.003233
  37	1.8000e-02	0.8261	18.950735	0.000149	47.278923	4.271609	0.003555
  38	1.8500e-02	0.8414	19.431978	0.000126	40.211968	3.633116	0.003024
  39	1.9000e-02	0.8530	19.854852	0.000111	35.334774	3.192465	0.002657
  40	1.9500e-02	0.8632	20.250329	0.000104	33.045478	2.985630	0.002485
  41	2.0000e-02	0.8755	20.619600	0.000097	30.855718	2.787787	0.002320
  42	2.0500e-02	0.8875	20.950752	0.000087	27.670612	2.500015	0.002081
  43	2.1000e-02	0.9015	21.234257	0.000074	23.689229	2.140301	0.001781
  44	2.1500e-02	0.9123	21.697632	0.000122	38.718949	3.498223	0.002911
  45	2.2000e-02	0.9283	21.789354	0.000024	7.664162	0.692450	0.000576
  46	2.2500e-02	0.9364	22.101448	0.000082	26.078058	2.356129	0.001961
  47	2.3000e-02	0.9492	22.401629	0.000079	25.082713	2.266201	0.001886
  48	2.3500e-02	0.9588	22.463571	0.000016	5.175798	0.467629	0.000389
  49	2.4000e-02	0.9732	22.853092	0.000102	32.547806	2.940665	0.002447
  50	2.4500e-02	0.9840	22.947197	0.000025	7.863231	0.710436	0.000591
  51	2.5000e-02	0.9971	23.199730	0.000066	21.101330	1.906486	0.001587
  52	2.5500e-02	0.9834	23.291452	-0.000024	-7.664162	-0.692450	0.000576
  53	2.6000e-02	0.9755	23.206877	0.000022	7.066955	0.638493	-0.000531
  54	2.6500e-02	0.9622	23.155656	0.000013	4.279987	0.386693	-0.000322
  55	2.7000e-02	0.9517	23.071081	0.000022	7.066955	0.638493	-0.000531
  56	2.7500e-02	0.9384	22.997227	0.000019	6.171144	0.557557	-0.000464
  57	2.8000e-02	0.9261	22.899549	0.000026	8.161835	0.737415	-0.000614
  58	2.8500e-02	0.9146	22.816165	0.000022	6.967420	0.629500	-0.000524
  59	2.9000e-02	0.9052	22.667266	0.000039	12.441822	1.124108	-0.000936
  60	2.9500e-02	0.8909	22.574352	0.000024	7.763697	0.701443	-0.000584
  61	3.0000e-02	0.8772	22.546955	0.000007	2.289295	0.206836	-0.000172
  62	3.0500e-02	0.8704	22.326584	0.000058	18.413896	1.663679	-0.001385
  63	3.1000e-02	0.8522	22.365893	-0.000010	-3.284641	-0.296764	0.000247
  64	3.1500e-02	0.8414	22.139566	0.000059	18.911569	1.708643	-0.001422
  65	3.2000e-02	0.8293	22.064520	0.000020	6.270678	0.566550	-0.000472
  66	3.2500e-02	0.8208	21.933489	0.000034	10.948803	0.989215	-0.000823
  67	3.3000e-02	0.8056	21.766722	0.000044	13.934840	1.259000	-0.001048
  68	3.3500e-02	0.7957	21.691676	0.000020	6.270678	0.566550	-0.000472
  69	3.4000e-02	0.7810	21.534438	0.000041	13.138564	1.187058	-0.000988
  70	3.4500e-02	0.7681	21.402216	0.000035	11.048338	0.998208	-0.000831
  71	3.5000e-02	0.7551	21.262846	0.000037	11.645545	1.052165	-0.000876
  72	3.5500e-02	0.7476	21.052004	0.000055	17.617620	1.591736	-0.001325
  73	3.6000e-02	0.7353	20.926928	0.000033	10.451130	0.944250	-0.000786
  74	3.6500e-02	0.7231	20.642233	0.000075	23.788763	2.149294	-0.001789
  75	3.7000e-02	0.7112	20.661292	-0.000005	-1.592553	-0.143886	0.000120
  76	3.7500e-02	0.6963	20.330139	0.000087	27.670612	2.500015	-0.002081
  77	3.8000e-02	0.6875	20.246756	0.000022	6.967420	0.629500	-0.000524
  78	3.8500e-02	0.6767	20.007325	0.000063	20.006449	1.807565	-0.001504
  79	3.9000e-02	0.6631	19.760748	0.000065	20.603657	1.861522	-0.001549
  80	3.9500e-02	0.6512	19.621378	0.000037	11.645545	1.052165	-0.000876
  81	4.0000e-02	0.6384	19.322388	0.000078	24.983178	2.257208	-0.001879
  82	4.0500e-02	0.6290	19.155620	0.000044	13.934840	1.259000	-0.001048
  83	4.1000e-02	0.6164	18.824468	0.000087	27.670612	2.500015	-0.002081
  84	4.1500e-02	0.6001	18.599332	0.000059	18.812034	1.699651	-0.001415
  85	4.2000e-02	0.5914	18.314636	0.000075	23.788763	2.149294	-0.001789
  86	4.2500e-02	0.5832	18.006116	0.000081	25.779455	2.329151	-0.001938
  87	4.3000e-02	0.5710	17.709509	0.000078	24.784109	2.239222	-0.001864
  88	4.3500e-02	0.5546	17.305693	0.000106	33.742221	3.048580	-0.002537
  89	4.4000e-02	0.5429	17.142499	0.000043	13.636237	1.232022	-0.001025
  90	4.4500e-02	0.5330	16.569534	0.000150	47.876130	4.325566	-0.003600
  91	4.5000e-02	0.5167	16.402767	0.000044	13.934840	1.259000	-0.001048
  92	4.5500e-02	0.5048	15.902464	0.000131	41.804521	3.777001	-0.003143
  93	4.6000e-02	0.4913	15.294955	0.000159	50.762633	4.586359	-0.003817
  94	4.6500e-02	0.4842	15.003112	0.000077	24.385971	2.203251	-0.001834
  95	4.7000e-02	0.4700	14.417043	0.000154	48.971010	4.424487	-0.003682
  96	4.7500e-02	0.4568	13.982257	0.000114	36.330119	3.282394	-0.002732
  97	4.8000e-02	0.4494	13.334246	0.000170	54.146808	4.892116	-0.004071
  98	4.8500e-02	0.4333	12.814885	0.000136	43.397074	3.920887	-0.003263
  99	4.9000e-02	0.4231	12.182360	0.000166	52.852859	4.775209	-0.003974
 100	4.9500e-02	0.4111	11.542688	0.000168	53.450066	4.829166	-0.004019
 101	5.0000e-02	0.3993	10.831544	0.000187	59.422141	5.368738	-0.004468
 102	5.0500e-02	0.3866	10.085855	0.000196	62.308643	5.629531	-0.004685
 103	5.1000e-02	0.3769	9.498596	0.000154	49.070545	4.433480	-0.003690
 104	5.1500e-02	0.3606	8.580184	0.000241	76.741156	6.933495	-0.005770
 105	5.2000e-02	0.3516	7.707037	0.000229	72.958843	6.591767	-0.005486
 106	5.2500e-02	0.3400	6.881538	0.000217	68.977460	6.232052	-0.005187
 107	5.3000e-02	0.3297	5.803506	0.000283	90.078789	8.138539	-0.006773
 108	5.3500e-02	0.3181	5.072112	0.000192	61.114228	5.521616	-0.004595
 109	5.4000e-02	0.2996	3.896402	0.000309	98.240624	8.875953	-0.007387
 110	5.4500e-02	0.2924	2.976798	0.000241	76.840691	6.942488	-0.005778
 111	5.5000e-02	0.2783	1.883281	0.000287	91.372739	8.255446	-0.006871
 112	5.5500e-02	0.2654	0.801675	0.000284	90.377393	8.165517	-0.006796
 113	5.6000e-02	0.2574	-0.322814	0.000295	93.960638	8.489260	-0.007065
 114	5.6500e-02	0.2407	-1.431817	0.000291	92.666688	8.372353	-0.006968
 115	5.7000e-02	0.2338	-2.603954	0.000308	97.942021	8.848975	-0.007365
 116	5.7500e-02	0.2209	-3.805871	0.000316	100.430385	9.073796	-0.007552
 117	5.8000e-02	0.2079	-4.967287	0.000305	97.046209	8.768039	-0.007297
 118	5.8500e-02	0.1947	-6.140615	0.000308	98.041555	8.857967	-0.007372
 119	5.9000e-02	0.1862	-7.342531	0.000316	100.430385	9.073796	-0.007552
 120	5.9500e-02	0.1720	-8.346709	0.000264	83.907646	7.580981	-0.006309
 121	6.0000e-02	0.1624	-9.606994	0.000331	105.307579	9.514446	-0.007918
 122	6.0500e-02	0.1482	-10.462273	0.000225	71.465824	6.456874	-0.005374
 123	6.1000e-02	0.1372	-11.685631	0.000321	102.222007	9.235668	-0.007686
 124	6.1500e-02	0.1221	-12.508747	0.000216	68.778390	6.214067	-0.005172
 125	6.2000e-02	0.1100	-13.512926	0.000264	83.907646	7.580981	-0.006309
 126	6.2500e-02	0.0994	-14.392028	0.000231	73.456515	6.636731	-0.005523
 127	6.3000e-02	0.0866	-15.182982	0.000208	66.090957	5.971259	-0.004970
 128	6.3500e-02	0.0779	-16.013246	0.000218	69.375598	6.268024	-0.005217
 129	6.4000e-02	0.0622	-16.751787	0.000194	61.711436	5.575573	-0.004640
 130	6.4500e-02	0.0496	-17.481990	0.000192	61.014694	5.512623	-0.004588
 131	6.5000e-02	0.0407	-18.152633	0.000176	56.037965	5.062980	-0.004214
 132	6.5500e-02	0.0295	-18.845909	0.000182	57.929122	5.233845	-0.004356
 133	6.6000e-02	0.0204	-19.510597	0.000174	55.540292	5.018016	-0.004176
 134	6.6500e-02	0.0033	-19.900118	0.000102	32.547806	2.940665	-0.002447
 135	6.7000e-02	-0.0089	-20.635085	0.000193	61.412832	5.548595	-0.004618
 136	6.7500e-02	-0.0188	-20.907869	0.000072	22.793417	2.059365	-0.001714
 137	6.8000e-02	-0.0289	-21.549924	0.000169	53.649135	4.847152	-0.004034
 138	6.8500e-02	-0.0481	-21.889415	0.000089	28.367354	2.562965	-0.002133
 139	6.9000e-02	-0.0552	-22.288465	0.000105	33.344082	3.012608	-0.002507
 140	6.9500e-02	-0.0681	-22.663692	0.000098	31.353391	2.832751	-0.002358
 141	7.0000e-02	-0.0789	-22.868578	0.000054	17.119947	1.546772	-0.001287
 142	7.0500e-02	-0.0937	-23.204495	0.000088	28.068750	2.535987	-0.002111
 143	7.1000e-02	-0.1032	-23.408189	0.000053	17.020412	1.537779	-0.001280
 144	7.1500e-02	-0.1153	-23.664297	0.000067	21.399933	1.933465	-0.001609
 145	7.2000e-02	-0.1299	-23.829873	0.000043	13.835306	1.250008	-0.001040
 146	7.2500e-02	-0.1400	-24.026420	0.000052	16.423205	1.483822	-0.001235
 147	7.3000e-02	-0.1524	-24.270615	0.000064	20.404588	1.843536	-0.001534
 148	7.3500e-02	-0.1665	-24.272998	0.000001	0.199069	0.017986	-0.000015
 149	7.4000e-02	-0.1747	-24.582708	0.000081	25.878989	2.338144	-0.001946
 150	7.4500e-02	-0.1887	-24.610106	0.000007	2.289295	0.206836	-0.000172
 151	7.5000e-02	-0.2010	-24.911479	0.000079	25.182247	2.275194	-0.001894
 152	7.5500e-02	-0.1896	-24.870978	0.000011	3.384176	0.305757	0.000254
 153	7.6000e-02	-0.1786	-24.756623	0.000030	9.555319	0.863315	0.000718
 154	7.6500e-02	-0.1666	-24.720887	0.000009	2.986037	0.269786	0.000225
 155	7.7000e-02	-0.1530	-24.587473	0.000035	11.147872	1.007200	0.000838
 156	7.7500e-02	-0.1424	-24.571988	0.000004	1.293949	0.116907	0.000097
 157	7.8000e-02	-0.1321	-24.417132	0.000041	12.939495	1.169072	0.000973
 158	7.8500e-02	-0.1208	-24.367102	0.000013	4.180452	0.377700	0.000314
 159	7.9000e-02	-0.1064	-24.278954	0.000023	7.365558	0.665472	0.000554
 160	7.9500e-02	-0.0948	-24.187231	0.000024	7.664162	0.692450	0.000576
 161	8.0000e-02	-0.0834	-24.040714	0.000038	12.242753	1.106122	0.000921
 162	8.0500e-02	-0.0706	-23.904918	0.000036	11.346941	1.025186	0.000853
 163	8.1000e-02	-0.0574	-23.895389	0.000003	0.796277	0.071943	0.000060
 164	8.1500e-02	-0.0475	-23.809622	0.000023	7.166489	0.647486	0.000539
 165	8.2000e-02	-0.0335	-23.686929	0.000032	10.252061	0.926265	0.000771
 166	8.2500e-02	-0.0229	-23.624987	0.000016	5.175798	0.467629	0.000389
 167	8.3000e-02	-0.0081	-23.391513	0.000061	19.508776	1.762601	0.001467
 168	8.3500e-02	0.0007	-23.384365	0.000002	0.597207	0.053957	0.000045
 169	8.4000e-02	0.0132	-23.161612	0.000058	18.612965	1.681665	0.001400
 170	8.4500e-02	0.0266	-23.115155	0.000012	3.881848	0.350722	0.000292
 171	8.5000e-02	0.0378	-22.928137	0.000049	15.626928	1.411879	0.001175
 172	8.5500e-02	0.0521	-22.838798	0.000023	7.465093	0.674465	0.000561
 173	8.6000e-02	0.0591	-22.672030	0.000044	13.934840	1.259000	0.001048
 174	8.6500e-02	0.0717	-22.527896	0.000038	12.043683	1.088136	0.000906
 175	8.7000e-02	0.0857	-22.421879	0.000028	8.858577	0.800365	0.000666
 176	8.7500e-02	0.0978	-22.243200	0.000047	14.930186	1.348929	0.001123
 177	8.8000e-02	0.1099	-22.057373	0.000049	15.527394	1.402886	0.001168
 178	8.8500e-02	0.1248	-21.934680	0.000032	10.252061	0.926265	0.000771
 179	8.9000e-02	0.1379	-21.591616	0.000090	28.665957	2.589944	0.002155
 180	8.9500e-02	0.1472	-21.553497	0.000010	3.185106	0.287772	0.000239
 181	9.0000e-02	0.1568	-21.186609	0.000096	30.656649	2.769801	0.002305
 182	9.0500e-02	0.1702	-21.155638	0.000008	2.587899	0.233814	0.000195
 183	9.1000e-02	0.1822	-20.762543	0.000103	32.846409	2.967644	0.002470
 184	9.1500e-02	0.1945	-20.579099	0.000048	15.328324	1.384901	0.001153
 185	9.2000e-02	0.2060	-20.240800	0.000089	28.267819	2.553972	0.002126
 186	9.2500e-02	0.2197	-19.940618	0.000079	25.082713	2.266201	0.001886
 187	9.3000e-02	0.2266	-19.586833	0.000093	29.561768	2.670880	0.002223
 188	9.3500e-02	0.2401	-19.237813	0.000092	29.163630	2.634908	0.002193
 189	9.4000e-02	0.2539	-18.874498	0.000095	30.358045	2.742822	0.002283
 190	9.4500e-02	0.2628	-18.450432	0.000111	35.434308	3.201458	0.002664
 191	9.5000e-02	0.2760	-18.025175	0.000112	35.533843	3.210451	0.002672
 192	9.5500e-02	0.2878	-17.648758	0.000099	31.452925	2.841744	0.002365
 193	9.6000e-02	0.3004	-16.953099	0.000183	58.128191	5.251830	0.004371
 194	9.6500e-02	0.3134	-16.592167	0.000095	30.158976	2.724837	0.002268
 195	9.7000e-02	0.3255	-15.879832	0.000187	59.521675	5.377731	0.004476
 196	9.7500e-02	0.3391	-15.504605	0.000098	31.353391	2.832751	0.002358
 197	9.8000e-02	0.3506	-14.756534	0.000196	62.507712	5.647516	0.004700
 198	9.8500e-02	0.3628	-14.215731	0.000142	45.188697	4.082759	0.003398
 199	9.9000e-02	0.3725	-13.505778	0.000186	59.322606	5.359745	0.004461
 200	9.9500e-02	0.3864	-12.839900	0.000175	55.639827	5.027009	0.004184
 201	1.0000e-01	0.3990	-12.195463	0.000169	53.848204	4.865137	0.004049
 202	1.0050e-01	0.4076	-11.473598	0.000189	60.317952	5.449673	0.004535
 203	1.0100e-01	0.4210	-10.810102	0.000174	55.440758	5.009023	0.004169
 204	1.0150e-01	0.4330	-10.113253	0.000183	58.227726	5.260823	0.004378
 205	1.0200e-01	0.4452	-9.446183	0.000175	55.739361	5.036002	0.004191
 206	1.0250e-01	0.4590	-8.817232	0.000165	52.554255	4.748230	0.003952
 207	1.0300e-01	0.4680	-8.009601	0.000212	67.484441	6.097159	0.005074
 208	1.0350e-01	0.4797	-7.456886	0.000145	46.184042	4.172687	0.003473
 209	1.0400e-01	0.4925	-6.673079	0.000206	65.493750	5.917302	0.004925
 210	1.0450e-01	0.5046	-6.212086	0.000121	38.519880	3.480237	0.002896
 211	1.0500e-01	0.5185	-5.394926	0.000215	68.280718	6.169102	0.005134
 212	1.0550e-01	0.5265	-4.573001	0.000216	68.678856	6.205074	0.005164
 213	1.0600e-01	0.5387	-3.757032	0.000214	68.181183	6.160109	0.005127
 214	1.0650e-01	0.5485	-2.761192	0.000261	83.210904	7.518031	0.006257
 215	1.0700e-01	0.5656	-1.880898	0.000231	73.556050	6.645724	0.005531
 216	1.0750e-01	0.5778	-0.814778	0.000280	89.083444	8.048610	0.006698
 217	1.0800e-01	0.5862	0.241813	0.000277	88.287167	7.976667	0.006639
 218	1.0850e-01	0.6007	1.374640	0.000297	94.657380	8.552210	0.007118
 219	1.0900e-01	0.6120	2.532482	0.000304	96.747606	8.741060	0.007275
 220	1.0950e-01	0.6241	3.699854	0.000306	97.543882	8.813003	0.007335
 221	1.1000e-01	0.6345	5.012552	0.000345	109.687100	9.910132	0.008248
 222	1.1050e-01	0.6475	6.252587	0.000326	103.615491	9.361568	0.007791
 223	1.1100e-01	0.6611	7.353252	0.000289	91.969946	8.309403	0.006915
 224	1.1150e-01	0.6705	8.542065	0.000312	99.335505	8.974875	0.007469
 225	1.1200e-01	0.6864	9.746364	0.000316	100.629454	9.091782	0.007567
 226	1.1250e-01	0.6963	10.945899	0.000315	100.231316	9.055810	0.007537
 227	1.1300e-01	0.7084	12.000107	0.000277	88.088098	7.958681	0.006624
 228	1.1350e-01	0.7178	13.171052	0.000307	97.842486	8.839982	0.007357
 229	1.1400e-01	0.7343	14.082317	0.000239	76.143949	6.879538	0.005725
 230	1.1450e-01	0.7441	15.065054	0.000258	82.116023	7.419110	0.006175
 231	1.1500e-01	0.7544	15.957259	0.000234	74.551396	6.735652	0.005606
 232	1.1550e-01	0.7645	16.770846	0.000214	67.982114	6.142124	0.005112
 233	1.1600e-01	0.7803	17.517726	0.000196	62.408178	5.638523	0.004693
 234	1.1650e-01	0.7913	18.176457	0.000173	55.042619	4.973052	0.004139
 235	1.1700e-01	0.8035	18.789923	0.000161	51.260306	4.631323	0.003854
 236	1.1750e-01	0.8154	19.455802	0.000175	55.639827	5.027009	0.004184
 237	1.1800e-01	0.8289	19.773851	0.000083	26.575731	2.401094	0.001998
 238	1.1850e-01	0.8457	20.369449	0.000156	49.767287	4.496430	0.003742
 239	1.1900e-01	0.8525	20.716087	0.000091	28.964561	2.616922	0.002178
 240	1.1950e-01	0.8652	21.194948	0.000126	40.012899	3.615130	0.003009
 241	1.2000e-01	0.8746	21.427231	0.000061	19.409242	1.753608	0.001459
 242	1.2050e-01	0.8863	21.838193	0.000108	34.339428	3.102537	0.002582
 243	1.2100e-01	0.9003	22.040697	0.000053	16.920878	1.528786	0.001272
 244	1.2150e-01	0.9111	22.364702	0.000085	27.073404	2.446058	0.002036
 245	1.2200e-01	0.9274	22.608897	0.000064	20.404588	1.843536	0.001534
 246	1.2250e-01	0.9361	22.865004	0.000067	21.399933	1.933465	0.001609
 247	1.2300e-01	0.9480	23.113964	0.000065	20.802726	1.879508	0.001564
 248	1.2350e-01	0.9598	23.331953	0.000057	18.214827	1.645693	0.001370
 249	1.2400e-01	0.9730	23.536839	0.000054	17.119947	1.546772	0.001287
 250	1.2450e-01	0.9823	23.692885	0.000041	13.039029	1.178065	0.000980
 251	1.2500e-01	0.9942	23.810814	0.000031	9.853923	0.890293	0.000741
 252	1.2550e-01	0.9855	24.046670	-0.000062	-19.707846	-1.780586	0.001482
 253	1.2600e-01	0.9725	23.904918	0.000037	11.844614	1.070150	-0.000891
 254	1.2650e-01	0.9624	23.939463	-0.000009	-2.886503	-0.260793	0.000217
 255	1.2700e-01	0.9504	23.782225	0.000041	13.138564	1.187058	-0.000988
 256	1.2750e-01	0.9382	23.798902	-0.000004	-1.393484	-0.125900	0.000105
 257	1.2800e-01	0.9248	23.626178	0.000045	14.432513	1.303965	-0.001085
 258	1.2850e-01	0.9169	23.553515	0.000019	6.071609	0.548564	-0.000457
 259	1.2900e-01	0.9019	23.447499	0.000028	8.858577	0.800365	-0.000666
 260	1.2950e-01	0.8881	23.366498	0.000021	6.768351	0.611515	-0.000509
 261	1.3000e-01	0.8813	23.270011	0.000025	8.062300	0.728422	-0.000606
 262	1.3050e-01	0.8672	23.137788	0.000035	11.048338	0.998208	-0.000831
 263	1.3100e-01	0.8541	23.025816	0.000029	9.356250	0.845329	-0.000704
 264	1.3150e-01	0.8424	22.944814	0.000021	6.768351	0.611515	-0.000509
 265	1.3200e-01	0.8340	22.731590	0.000056	17.816689	1.609722	-0.001340
 266	1.3250e-01	0.8180	22.717296	0.000004	1.194415	0.107914	-0.000090
 267	1.3300e-01	0.8072	22.523131	0.000051	16.224136	1.465836	-0.001220
 268	1.3350e-01	0.7973	22.258685	0.000069	22.096675	1.996415	-0.001662
 269	1.3400e-01	0.7824	22.172919	0.000023	7.166489	0.647486	-0.000539
 270	1.3450e-01	0.7714	22.163390	0.000003	0.796277	0.071943	-0.000060
 271	1.3500e-01	0.7585	21.947783	0.000057	18.015758	1.627708	-0.001355
 272	1.3550e-01	0.7439	21.840576	0.000028	8.958112	0.809357	-0.000674
 273	1.3600e-01	0.7346	21.671426	0.000044	14.133909	1.276986	-0.001063
 274	1.3650e-01	0.7240	21.498702	0.000045	14.432513	1.303965	-0.001085
 275	1.3700e-01	0.7125	21.314067	0.000048	15.427859	1.393893	-0.001160
 276	1.3750e-01	0.6998	21.128241	0.000049	15.527394	1.402886	-0.001168
 277	1.3800e-01	0.6861	20.962664	0.000043	13.835306	1.250008	-0.001040
 278	1.3850e-01	0.6743	20.760161	0.000053	16.920878	1.528786	-0.001272
 279	1.3900e-01	0.6628	20.574335	0.000049	15.527394	1.402886	-0.001168
 280	1.3950e-01	0.6500	20.395655	0.000047	14.930186	1.348929	-0.001123
 281	1.4000e-01	0.6405	20.170519	0.000059	18.812034	1.699651	-0.001415
 282	1.4050e-01	0.6275	19.808396	0.000095	30.258510	2.733830	-0.002275
 283	1.4100e-01	0.6121	19.572539	0.000062	19.707846	1.780586	-0.001482
 284	1.4150e-01	0.6021	19.370036	0.000053	16.920878	1.528786	-0.001272
 285	1.4200e-01	0.5897	19.051986	0.000083	26.575731	2.401094	-0.001998
 286	1.4250e-01	0.5799	18.776820	0.000072	22.992487	2.077351	-0.001729
 287	1.4300e-01	0.5676	18.490933	0.000075	23.888298	2.158286	-0.001796
 288	1.4350e-01	0.5553	18.115706	0.000098	31.353391	2.832751	-0.002358
 289	1.4400e-01	0.5440	17.815525	0.000079	25.082713	2.266201	-0.001886
 290	1.4450e-01	0.5322	17.431960	0.000101	32.050133	2.895701	-0.002410
 291	1.4500e-01	0.5202	17.055542	0.000099	31.452925	2.841744	-0.002365
 292	1.4550e-01	0.5086	16.646962	0.000107	34.140359	3.084551	-0.002567
 293	1.4600e-01	0.4971	16.231234	0.000109	34.737566	3.138508	-0.002612
 294	1.4650e-01	0.4854	15.759521	0.000124	39.415691	3.561173	-0.002964
 295	1.4700e-01	0.4700	15.337838	0.000111	35.235239	3.183473	-0.002649
 296	1.4750e-01	0.4624	14.563560	0.000203	64.697473	5.845359	-0.004865
 297	1.4800e-01	0.4487	14.140686	0.000111	35.334774	3.192465	-0.002657
 298	1.4850e-01	0.4327	13.524838	0.000162	51.459375	4.649309	-0.003869
 299	1.4900e-01	0.4241	13.017388	0.000133	42.401728	3.830959	-0.003188
 300	1.4950e-01	0.4122	12.294332	0.000190	60.417486	5.458666	-0.004543
 301	1.5000e-01	0.4001	11.643939	0.000171	54.345877	4.910102	-0.004086
 302	1.5050e-01	0.3872	10.900633	0.000195	62.109574	5.611545	-0.004670
 303	1.5100e-01	0.3760	10.191872	0.000186	59.223071	5.350752	-0.004453
 304	1.5150e-01	0.3638	9.389006	0.000211	67.086303	6.061188	-0.005044
 305	1.5200e-01	0.3516	8.551595	0.000220	69.972805	6.321981	-0.005261
 306	1.5250e-01	0.3424	7.659389	0.000234	74.551396	6.735652	-0.005606
 307	1.5300e-01	0.3308	6.726683	0.000245	77.935571	7.041410	-0.005860
 308	1.5350e-01	0.3158	5.816609	0.000239	76.044414	6.870545	-0.005718
 309	1.5400e-01	0.3060	4.789798	0.000270	85.798803	7.751846	-0.006451
 310	1.5450e-01	0.2910	3.655780	0.000298	94.756914	8.561203	-0.007125
 311	1.5500e-01	0.2796	2.740942	0.000240	76.442553	6.906517	-0.005748
 312	1.5550e-01	0.2697	1.562849	0.000309	98.439693	8.893939	-0.007402
 313	1.5600e-01	0.2557	0.490773	0.000281	89.581116	8.093574	-0.006736
 314	1.5650e-01	0.2435	-0.712335	0.000316	100.529920	9.082789	-0.007559
 315	1.5700e-01	0.2335	-1.811809	0.000289	91.870412	8.300410	-0.006908
 316	1.5750e-01	0.2225	-3.020873	0.000317	101.027592	9.127753	-0.007597
 317	1.5800e-01	0.2090	-4.104861	0.000285	90.576462	8.183503	-0.006811
 318	1.5850e-01	0.1956	-5.293674	0.000312	99.335505	8.974875	-0.007469
 319	1.5900e-01	0.1878	-6.456281	0.000305	97.145744	8.777032	-0.007305
 320	1.5950e-01	0.1728	-7.592682	0.000298	94.955983	8.579189	-0.007140
 321	1.6000e-01	0.1648	-8.732657	0.000299	95.254587	8.606167	-0.007162
 322	1.6050e-01	0.1501	-9.841660	0.000291	92.666688	8.372353	-0.006968
 323	1.6100e-01	0.1377	-10.908971	0.000280	89.182978	8.057603	-0.006706
 324	1.6150e-01	0.1273	-11.981048	0.000281	89.581116	8.093574	-0.006736
 325	1.6200e-01	0.1156	-12.878018	0.000235	74.949534	6.771624	-0.005636
 326	1.6250e-01	0.1009	-13.817872	0.000247	78.532779	7.095367	-0.005905
 327	1.6300e-01	0.0884	-14.726754	0.000239	75.944880	6.861552	-0.005711
 328	1.6350e-01	0.0780	-15.647549	0.000242	76.940226	6.951481	-0.005785
 329	1.6400e-01	0.0661	-16.324148	0.000178	56.535638	5.107945	-0.004251
 330	1.6450e-01	0.0532	-17.060307	0.000193	61.512367	5.557588	-0.004625
 331	1.6500e-01	0.0401	-17.707126	0.000170	54.047274	4.883123	-0.004064
 332	1.6550e-01	0.0284	-18.326548	0.000163	51.757978	4.676287	-0.003892
 333	1.6600e-01	0.0175	-18.941205	0.000161	51.359840	4.640316	-0.003862
 334	1.6650e-01	0.0032	-19.511788	0.000150	47.677061	4.307580	-0.003585
 335	1.6700e-01	-0.0082	-20.049017	0.000141	44.890093	4.055780	-0.003375
 336	1.6750e-01	-0.0220	-20.488568	0.000115	36.728258	3.318365	-0.002762
 337	1.6800e-01	-0.0339	-20.938840	0.000118	37.624069	3.399301	-0.002829
 338	1.6850e-01	-0.0443	-21.298582	0.000094	30.059441	2.715844	-0.002260
 339	1.6900e-01	-0.0600	-21.657132	0.000094	29.959907	2.706851	-0.002253
 340	1.6950e-01	-0.0671	-21.918003	0.000068	21.798072	1.969436	-0.001639
 341	1.7000e-01	-0.0813	-22.386143	0.000123	39.117088	3.534194	-0.002941
 342	1.7050e-01	-0.0909	-22.598176	0.000056	17.717154	1.600729	-0.001332
 343	1.7100e-01	-0.1048	-22.707766	0.000029	9.157181	0.827343	-0.000689
 344	1.7150e-01	-0.1173	-23.034154	0.000086	27.272473	2.464044	-0.002051
 345	1.7200e-01	-0.1272	-23.129450	0.000025	7.962766	0.719429	-0.000599
 346	1.7250e-01	-0.1390	-23.303364	0.000046	14.532048	1.312958	-0.001093
 347	1.7300e-01	-0.1474	-23.492764	0.000050	15.825997	1.429865	-0.001190
 348	1.7350e-01	-0.1620	-23.605928	0.000030	9.455785	0.854322	-0.000711
 349	1.7400e-01	-0.1748	-23.731003	0.000033	10.451130	0.944250	-0.000786
 350	1.7450e-01	-0.1833	-23.877521	0.000038	12.242753	1.106122	-0.000921
 351	1.7500e-01	-0.2009	-24.019273	0.000037	11.844614	1.070150	-0.000891
 352	1.7550e-01	-0.1908	-24.046670	-0.000007	-2.289295	-0.206836	-0.000172
 353	1.7600e-01	-0.1789	-23.975199	0.000019	5.972074	0.539572	0.000449
 354	1.7650e-01	-0.1664	-23.839402	0.000036	11.346941	1.025186	0.000853
 355	1.7700e-01	-0.1534	-23.906109	-0.000018	-5.573936	-0.503600	-0.000419
 356	1.7750e-01	-0.1432	-23.709562	0.000052	16.423205	1.483822	0.001235
 357	1.7800e-01	-0.1302	-23.722665	-0.000003	-1.094880	-0.098921	-0.000082
 358	1.7850e-01	-0.1176	-23.552324	0.000045	14.233444	1.285979	0.001070
 359	1.7900e-01	-0.1069	-23.517779	0.000009	2.886503	0.260793	0.000217
 360	1.7950e-01	-0.0954	-23.348630	0.000044	14.133909	1.276986	0.001063
 361	1.8000e-01	-0.0838	-23.302173	0.000012	3.881848	0.350722	0.000292
 362	1.8050e-01	-0.0703	-23.155656	0.000038	12.242753	1.106122	0.000921
 363	1.8100e-01	-0.0568	-23.071081	0.000022	7.066955	0.638493	0.000531
 364	1.8150e-01	-0.0472	-22.959109	0.000029	9.356250	0.845329	0.000704
 365	1.8200e-01	-0.0371	-22.859048	0.000026	8.360904	0.755400	0.000629
 366	1.8250e-01	-0.0217	-22.769708	0.000023	7.465093	0.674465	0.000561
 367	1.8300e-01	-0.0121	-22.651780	0.000031	9.853923	0.890293	0.000741
 368	1.8350e-01	0.0028	-22.496925	0.000041	12.939495	1.169072	0.000973
 369	1.8400e-01	0.0137	-22.443321	0.000014	4.479056	0.404679	0.000337
 370	1.8450e-01	0.0256	-22.256303	0.000049	15.626928	1.411879	0.001175
 371	1.8500e-01	0.0396	-22.156243	0.000026	8.360904	0.755400	0.000629
 372	1.8550e-01	0.0475	-21.989475	0.000044	13.934840	1.259000	0.001048
 373	1.8600e-01	0.0612	-21.904900	0.000022	7.066955	0.638493	0.000531
 374	1.8650e-01	0.0751	-21.717883	0.000049	15.626928	1.411879	0.001175
 375	1.8700e-01	0.0845	-21.630925	0.000023	7.266024	0.656479	0.000546
 376	1.8750e-01	0.0978	-21.430804	0.000053	16.721808	1.510801	0.001257
 377	1.8800e-01	0.1115	-21.271184	0.000042	13.337633	1.205043	0.001003
 378	1.8850e-01	0.1195	-21.096078	0.000046	14.631582	1.321950	0.001100
 379	1.8900e-01	0.1334	-20.878089	0.000057	18.214827	1.645693	0.001370
 380	1.8950e-01	0.1431	-20.701792	0.000046	14.731117	1.330943	0.001108
 381	1.9000e-01	0.1569	-20.473083	0.000060	19.110638	1.726629	0.001437
 382	1.9050e-01	0.1688	-20.252712	0.000058	18.413896	1.663679	0.001385
 383	1.9100e-01	0.1812	-20.008516	0.000064	20.404588	1.843536	0.001534
 384	1.9150e-01	0.1943	-19.741689	0.000070	22.295745	2.014401	0.001676
 385	1.9200e-01	0.2058	-19.406963	0.000088	27.969215	2.526994	0.002103
 386	1.9250e-01	0.2182	-19.150855	0.000067	21.399933	1.933465	0.001609
 387	1.9300e-01	0.2332	-18.820894	0.000087	27.571077	2.491022	0.002073
 388	1.9350e-01	0.2413	-18.455197	0.000096	30.557114	2.760808	0.002298
 389	1.9400e-01	0.2544	-18.101412	0.000093	29.561768	2.670880	0.002223
 390	1.9450e-01	0.2641	-17.719038	0.000100	31.950598	2.886708	0.002402
 391	1.9500e-01	0.2771	-17.256854	0.000121	38.619415	3.489230	0.002904
 392	1.9550e-01	0.2919	-16.819685	0.000115	36.529189	3.300380	0.002747
 393	1.9600e-01	0.3036	-16.319383	0.000131	41.804521	3.777001	0.003143
 394	1.9650e-01	0.3117	-15.816698	0.000132	42.003590	3.794987	0.003158
 395	1.9700e-01	0.3236	-15.266366	0.000144	45.984973	4.154702	0.003458
 396	1.9750e-01	0.3365	-14.687445	0.000152	48.373803	4.370530	0.003637
 397	1.9800e-01	0.3497	-14.128774	0.000147	46.681715	4.217652	0.003510
 398	1.9850e-01	0.3597	-13.491484	0.000167	53.250997	4.811180	0.004004
 399	1.9900e-01	0.3735	-12.695765	0.000209	66.489095	6.007231	0.005000
 400	1.9950e-01	0.3838	-12.221669	0.000124	39.614760	3.579158	0.002979
 401	2.0000e-01	0.3985	-11.521246	0.000124	39.614760	3.579158	0.004401

Center data before PMax,+/-Pr and +/-Vc Calc.

PMax (uC/cm2):	2.38e+01
Pr (uC/cm2):	-1.97e+01
-Pr (uC/cm2):	-1.15e+01
PLoss (uC/cm2):	6.74e-01
Vc:	5.84e-01
-Vc:	2.51e-01
C (Max-Eff) (nF):	7.52e-02
K (Eff):	2.16e+03
Vert. (+/-Pr) Shift (uC/cm2):	-1.56e+01
Horiz. Shift (+/-Vc):	4.18e-01
Offset (uC/cm2):	8.33e+00

A (Loop Area - uC/cm2·Volts):	1.24e+01



Hysteresis Version: 5.51.0 - Radiant Technologies, Inc., 1999 - 6/16/25

